[0, 0, 0, 0, 0, 0, 0, 0, 0, 0, 0, 0, 0, 0, 0, 0, 0, 0, 0, 0, 0, 0, 0, 0, 0, 0, 0, 0, 0, 0, 0, 0, 0, 0, 0, 0, 0, 0, 0, 0.5735648290844423, 0.534907240202774, 0.42319809090128624, 0.36244141661673424, 0.313216322196306, 0.2722194884530639, 0.22697026166404333, 0.18974394086584523, 0.16585695380189514, 0.12592056837959897, 0.09379253737151161, 0.07563334374229436, 0.042073043954631184, 0.028211598524280346, 0.005978277440135571, 0.006701373410917921, 0.05282513000060718, 0.2228025702010884, 0, 0, 0, 0, 0, 0, 0, 0, 0, 0, 0, 0, 0, 0, 0, 0, 0, 0, 0, 0, 0, 0, 0, 0, 0, 0, 0, 0, 0, 0, 0, 0, 0, 0, 0, 0, 0, 0, 0, 0, 0, 0, 0, 0, 0, 0, 0, 0, 0, 0, 0, 0, 0, 0, 0, 0, 0] BESTKFE13_Shennon = [0, 0, 0, 0, 0, 0, 0, 0, 0, 0, 0, 0, 0, 0, 0, 0, 0, 0, 0, 0, 0, 0, 0, 0, 0, 0, 0, 0, 0, 0, 0, 0, 0, 0, 0, 0, 0, 0, 0, 0.44822334692138277, 0.3943831408804892, 0.2587209810847899, 0.2022770985062199, 0.15812945476770934, 0.13000285241074383, 0.10947684212562114, 0.07908017957474356, 0.06891094638027084, 0.043860531425628624, 0.026399828207111398, 0.0209548932696364, 0.011049077258746154, 0.0040432420676213, 0.00010073902177065719, 0.018878859741464082, 0.07313096702759447, 0.23560371038307593, 0, 0, 0, 0, 0, 0, 0, 0, 0, 0, 0, 0, 0, 0, 0, 0, 0, 0, 0, 0, 0, 0, 0, 0, 0, 0, 0]

[0, 0, 0, 0, 0, 0, 0, 0, 0, 0, 0, 0, 0, 0, 0, 0, 0, 0, 0, 0, 0, 0, 0, 0, 0, 0, 0, 0, 0, 0, 0, 0, 0, 0, 0, 0, 0, 0, 0, 0.8891053510471734, 0.8585594574581793, 0.7678452260983153, 0.7168416162231984, 0.7084686847328179, 0.6734228860106395, 0.6341229378365474, 0.60133305557836, 0.5800997917028303, 0.5553819191087346, 0.5290914283246371, 0.515279877145551, 0.4948174498095146, 0, 0, 0, 0, 0, 0, 0, 0, 0, 0, 0, 0, 0, 0, 0, 0, 0, 0, 0, 0, 
0, 0, 0, 0, 0, 0, 0, 0, 0, 0, 0, 0, 0, 0, 0, 0, 0, 0, 0, 0, 0, 0, 0, 0, 0, 0, 0, 0, 0, 0, 0, 0, 0, 0, 0, 0, 0, 0, 0, 0, 0, 0]


[0, 0, 0, 0, 0, 0, 0, 0, 0, 0, 0, 0, 0, 0, 0, 0, 0, 0, 0, 0, 0, 0, 0, 0, 0, 0, 0, 0, 0, 0, 0, 0, 0, 0, 0, 0, 0, 0, 0, 0.5197407472965355, 0.4772574573944479, 0.36338757392735443, 0.313159620467646, 0.2700387510769684, 0.24278992613929584, 0.22697026166404322, 0.18974394086584523, 0.18095351960735195, 0.16043393696505281, 0.13758230643771385, 0.13723601981401046, 0.17041855920911397, 0.18876316128790638, 0.197145333372587, 0.22264484469700374, 0.26438609910957234, 0.4008311403423188, 0, 0, 0, 0, 0, 0, 0, 0, 0, 0, 0, 0, 0, 0, 0, 0, 0, 0, 0, 0, 0, 0, 0, 0, 0, 0, 0] BESTKFE32_Shennon = [0, 0, 0, 0, 0, 0, 0, 0, 0, 0, 0, 0, 0.3043767179090836, 0.13819661549875317, 0.11281059027456708, 0.05667209931719108, 0.05061811724566456, 0.027161622242158234, 0.017449537863012843, 0.006688490037560557, 0.0038602550073331132, 0.00120559145089294, 0.0006542020981368246, 0.003538558572278361, 0.00464385986455218, 0.00887624058136871, 0.017149492926438303, 0.023391685859359468, 0.0328195762896244, 0.041630460175026585, 0.03842767580833173, 0.04850562990327345, 0.07000647796960635, 0.08287780804851796, 0.09263634113239227, 0.13764425408345815, 0.15356065532898455, 0.202739598666267, 0.19735684321795988, 0.19735684321795988, 0.19735684321795988, 0.19190469695993462, 0.18076297577729306, 0.20050054999575895, 0.18878937987927658, 0.16369912952410925, 
0.16369912952410925, 0.15015059266289554, 0.14308708177985152, 0.1358162812865794, 0.12061262472989698, 0.06935188750188193, 0.06353733065091793, 0.030023838362070343, 0.0029949912756890296, 0.004471856745399516, 0.17514213143102553, 0, 0, 0, 0, 0, 0, 0, 0, 0, 0, 0, 0, 0, 0, 0, 0, 0, 0, 0, 0, 0, 0, 0, 0, 0, 0, 0, 0, 0, 0, 0, 0, 0, 0, 0, 0, 0, 0, 0, 0, 0, 0, 0, 0, 0, 0, 0, 0, 0, 0, 0, 0, 0, 0, 0, 0]



значение дельта = 50

значение 1 радиуса 0.5

значение 2 радиуса 0.5

значение 3 радиуса 0.5

Лучшее значение суммы кфе Шеннона KFE 2.9992639225827458

 оно получено из:
 BESTKFE12_Shennon = [0, 0, 0, 0, 0, 0, 0, 0, 0, 0, 0, 0, 0, 0, 0, 0, 0, 0, 0, 0, 0, 0, 0, 0, 0, 0, 0, 0, 0, 0, 0, 0, 0, 0, 0, 0, 0, 0, 0, 0.5735648290844423, 0.534907240202774, 0.42319809090128624, 0.36244141661673424, 0.313216322196306, 0.2722194884530639, 0.22697026166404333, 0.18974394086584523, 0.16585695380189514, 0.12592056837959897, 0.09379253737151161, 0.07563334374229436, 0.042073043954631184, 0.028211598524280346, 0.005978277440135571, 0.006701373410917921, 0.05282513000060718, 0.2228025702010884, 0, 0, 0, 0, 0, 0, 0, 0, 0, 0, 0, 0, 0, 0, 0, 0, 0, 0, 0, 0, 0, 0, 0, 0, 0, 0, 0, 0, 0, 0, 0, 0, 0, 0, 0, 0, 0, 0, 0, 0, 0, 0, 0, 0, 0, 0, 0, 0, 0, 0, 0, 0, 0, 0, 0, 0, 0] BESTKFE13_Shennon = [0, 0, 0, 0, 0, 0, 0, 0, 0, 0, 0, 0, 0, 0, 0, 0, 0, 0, 0, 0, 0, 0, 0, 0, 0, 0, 0, 0, 0, 0, 0, 0, 0, 0, 0, 0, 0, 0, 0, 0.44822334692138277, 0.3943831408804892, 0.2587209810847899, 0.2022770985062199, 0.15812945476770934, 0.13000285241074383, 0.10947684212562114, 0.07908017957474356, 0.06891094638027084, 0.043860531425628624, 0.026399828207111398, 0.0209548932696364, 0.011049077258746154, 0.0040432420676213, 0.00010073902177065719, 0.018878859741464082, 0.07313096702759447, 0.23560371038307593, 0, 0, 0, 0, 0, 0, 0, 0, 0, 0, 0, 0, 0, 0, 0, 0, 0, 0, 0, 0, 0, 0, 0, 0, 0, 0, 0]

 BESTKFE21_Shennon = [0, 0, 0, 0, 0, 0, 0, 0, 0, 0, 0, 0, 0, 0, 0, 0, 0, 0, 0, 0, 0, 0, 0, 0, 0, 0, 0, 0, 0, 0, 0, 0, 0, 0, 0, 0, 0, 0, 0, 0.8891053510471734, 0.8585594574581793, 0.7678452260983153, 0.7168416162231984, 0.7084686847328179, 0.6734228860106395, 0.6341229378365474, 0.60133305557836, 0.5800997917028303, 0.5553819191087346, 0.5290914283246371, 0.515279877145551, 0.4948174498095146, 0, 0, 0, 0, 0, 0, 0, 0, 0, 0, 0, 0, 0, 0, 0, 0, 0, 0, 0, 0, 
0, 0, 0, 0, 0, 0, 0, 0, 0, 0, 0, 0, 0, 0, 0, 0, 0, 0, 0, 0, 0, 0, 0, 0, 0, 0, 0, 0, 0, 0, 0, 0, 0, 0, 0, 0, 0, 0, 0, 0, 0, 0] BESTKFE23_Shennon = [0, 0, 0, 0, 0, 0, 0, 0, 0, 0, 0, 0, 0.3043767179090836, 0.13819661549875328, 0.11281059027456697, 0.05667209931719108, 0.05061811724566456, 0.027161622242158234, 0.017449537863012954, 0.006688490037560557, 0.003860255007333002, 0.00029736272625635607, 0.0018090041641025678, 0.005866699787852037, 0.007304363403774827, 0.014621151084721395, 0.032085262462571595, 0.042073043954631184, 0.057900502231839956, 0.0711831862355683, 0.0671946474198214, 0.08254064001211148, 0.12005437412435527, 0.14271610319805272, 0.15871923573125868, 0.23841148381673882, 0.2669206252265137, 0.37521789889608037, 0.3712728050152523, 0.3712728050152523, 0.3712728050152523, 0.3672696294168404, 0.359048553240638, 0.41777052784881485, 0.4112518315303786, 0.3971307252890216, 0.3971307252890216, 0.3892870415541543, 0.38510205357003924, 0.38070914943915857, 0.37118052233964893, 0.34104747272429936, 0, 0, 0, 0, 0, 0, 0, 0, 0, 0, 0, 0, 0, 0, 0, 0, 0, 0, 0, 0, 0, 0, 0, 0, 0, 0, 0, 0, 0, 0, 0, 0, 0, 0, 0, 0, 0, 0, 0, 0, 0, 0, 0, 0, 0, 0, 0, 0, 0, 0, 0, 0, 0, 0, 0, 0, 0, 0, 0, 0, 0]

 BESTKFE31_Shennon = [0, 0, 0, 0, 0, 0, 0, 0, 0, 0, 0, 0, 0, 0, 0, 0, 0, 0, 0, 0, 0, 0, 0, 0, 0, 0, 0, 0, 0, 0, 0, 0, 0, 0, 0, 0, 0, 0, 0, 0.5197407472965355, 0.4772574573944479, 0.36338757392735443, 0.313159620467646, 0.2700387510769684, 0.24278992613929584, 0.22697026166404322, 0.18974394086584523, 0.18095351960735195, 0.16043393696505281, 0.13758230643771385, 0.13723601981401046, 0.17041855920911397, 0.18876316128790638, 0.197145333372587, 0.22264484469700374, 0.26438609910957234, 0.4008311403423188, 0, 0, 0, 0, 0, 0, 0, 0, 0, 0, 0, 0, 0, 0, 0, 0, 0, 0, 0, 0, 0, 0, 0, 0, 0, 0, 0] BESTKFE32_Shennon = [0, 0, 0, 0, 0, 0, 0, 0, 0, 0, 0, 0, 0.3043767179090836, 0.13819661549875317, 0.11281059027456708, 0.05667209931719108, 0.05061811724566456, 0.027161622242158234, 0.017449537863012843, 0.006688490037560557, 0.0038602550073331132, 0.00120559145089294, 0.0006542020981368246, 0.003538558572278361, 0.00464385986455218, 0.00887624058136871, 0.017149492926438303, 0.023391685859359468, 0.0328195762896244, 0.041630460175026585, 0.03842767580833173, 0.04850562990327345, 0.07000647796960635, 0.08287780804851796, 0.09263634113239227, 0.13764425408345815, 0.15356065532898455, 0.202739598666267, 0.19735684321795988, 0.19735684321795988, 0.19735684321795988, 0.19190469695993462, 0.18076297577729306, 0.20050054999575895, 0.18878937987927658, 0.16369912952410925, 
0.16369912952410925, 0.15015059266289554, 0.14308708177985152, 0.1358162812865794, 0.12061262472989698, 0.06935188750188193, 0.06353733065091793, 0.030023838362070343, 0.0029949912756890296, 0.004471856745399516, 0.17514213143102553, 0, 0, 0, 0, 0, 0, 0, 0, 0, 0, 0, 0, 0, 0, 0, 0, 0, 0, 0, 0, 0, 0, 0, 0, 0, 0, 0, 0, 0, 0, 0, 0, 0, 0, 0, 0, 0, 0, 0, 0, 0, 0, 0, 0, 0, 0, 0, 0, 0, 0, 0, 0, 0, 0, 0, 0]