

 BESTKFE12_Shennon = [0, 0, 0, 0, 0, 0, 0, 0, 0, 0, 0, 0, 0, 0, 0, 0, 0, 0, 0, 0.7214660736850187, 0.7498394677875102, 0.7874611179220667, 0.7577078109175852, 0.7217912390930707, 0.7217912390930707, 0.7045694131414292, 0.6745450291275814, 0.6628828958202271, 0.6170197794404846, 0.5868954199853771, 0.5672758467667024, 0.5497521535842451, 0.53907051538549, 0, 0, 0, 0, 0, 0, 0, 0, 0, 0, 0, 0, 0, 0, 0, 0, 0, 0, 0, 0, 0, 0, 0, 0, 0, 0, 0, 0, 0, 0, 0, 0, 0, 0, 0, 0, 0, 0, 0, 0, 0, 0, 0, 0, 0, 0, 0, 0, 0, 0, 0, 0, 0, 0, 0, 0, 0, 0, 0, 0, 0, 0, 0, 0, 0, 0, 0, 0, 0, 0, 0, 0, 0, 0, 0, 0, 0, 0, 0, 0, 0]
BESTKFE21_Shennon = [0, 0, 0, 0, 0, 0, 0, 0, 0, 0, 0, 0, 0, 0, 0, 0, 0, 0, 0, 0.7214660736850187, 0.7498394677875102, 0.7874611179220667, 0.7577078109175852, 0.7217912390930707, 0.7217912390930707, 0.7045694131414292, 0.6745450291275814, 0.662882895820227, 0.6170197794404846, 0.5868954199853771, 0.5672758467667023, 0.5497521535842451, 0.53907051538549, 0, 0, 0, 0, 0, 0, 0, 0, 0, 0, 0, 0, 0, 0, 0, 0, 0, 0, 0, 0, 0, 0, 0, 0, 0, 0, 0, 0, 0, 0, 0, 0, 0, 0, 0, 0, 0, 0, 0, 0, 0, 0, 0, 0, 0, 0, 0, 0, 0, 0, 0, 0, 0, 0, 0, 0, 0, 0, 0, 0, 0, 0, 0, 0, 0, 0, 0, 0, 0, 0, 0, 0, 0, 0, 0, 0, 0, 0, 0, 0, 0]
 BESTKFE31_Shennon = [0, 0, 0, 0, 0, 0, 0, 0, 0, 0, 0, 0, 0, 0, 0, 0, 0, 0, 0, 0.5109514681508777, 0.5339979707195891, 0.49275033308716876, 0.43958922319527094, 0.3659253078827124, 0.3938712860873296, 0.3811892316852843, 0.32939102587656865, 0.2846085677482296, 0.23153176670441944, 0.19681007615187263, 0.20004831288196123, 0.19816948867683104, 0.21726835644374276, 0.21683955972489, 0.21567074974747658, 0.21460712189785003, 0.19354216038553473, 0.1868582424347448, 0.18581396714765708, 0.20618256249610556, 0.1827407235858225, 0.26029821766510564, 0.23199692589445808, 0.22401754750680958, 0.24054196270151673, 0.3158861234016773, 0.28106967024233676, 0, 0, 0, 0, 0, 0, 0, 0, 0, 0, 0, 0, 0, 0, 0, 0, 0, 0, 0, 0, 0, 0, 0, 0, 0, 0, 0, 0, 0, 0, 0, 0, 0, 0, 0, 0, 0]




Конец первого этапа оптимизации
Лучшее значение дельта = 30

Лучшее значение 1 радиуса 0.55

Лучшее значение 2 радиуса 0.05

Лучшее значение 3 радиуса 0.15

Лучшее значение суммы кфе Шеннона KFE 3.0600912423705644

 оно получено из:
 BESTKFE12_Shennon = [0, 0, 0, 0, 0, 0, 0, 0, 0, 0, 0, 0, 0, 0, 0, 0, 0, 0, 0, 0.7214660736850187, 0.7498394677875102, 0.7874611179220667, 0.7577078109175852, 0.7217912390930707, 0.7217912390930707, 0.7045694131414292, 0.6745450291275814, 0.6628828958202271, 0.6170197794404846, 0.5868954199853771, 0.5672758467667024, 0.5497521535842451, 0.53907051538549, 0, 0, 0, 0, 0, 0, 0, 0, 0, 0, 0, 0, 0, 0, 0, 0, 0, 0, 0, 0, 0, 0, 0, 0, 0, 0, 0, 0, 0, 0, 0, 0, 0, 
0, 0, 0, 0, 0, 0, 0, 0, 0, 0, 0, 0, 0, 0, 0, 0, 0, 0, 0, 0, 0, 0, 0, 0, 0, 0, 0, 0, 0, 0, 0, 0, 0, 0, 0, 0, 0, 0, 0, 0, 0, 0, 0, 0, 0, 0, 0, 0] BESTKFE13_Shennon = [0, 0, 0, 0, 0, 0, 0, 0, 0, 0, 0, 0, 0, 0, 0, 0, 0, 0, 0, 0.5109514681508777, 0.5339979707195891, 0.49275033308716876, 0.43958922319527094, 0.3659253078827124, 0.3938712860873296, 0.3811892316852843, 0.32939102587656865, 0.2846085677482296, 0.23153176670441944, 0.19681007615187263, 0.20004831288196123, 0.19816948867683104, 0.21726835644374276, 0.21683955972489, 0.21567074974747658, 0.21460712189785003, 0.19354216038553473, 0.1868582424347448, 0.1858139671476572, 0.20618256249610567, 0.18274072358582238, 0.26029821766510564, 0.23199692589445808, 0.22401754750680958, 0.24054196270151662, 0.3158861234016773, 0.28106967024233676, 0, 0, 0, 0, 0, 0, 0, 0, 0, 0, 0, 0, 0, 0, 0, 0, 0, 0, 0, 0, 0, 0, 0, 0, 0, 0, 0, 0, 0, 0, 0, 0, 0, 0, 0, 0, 0]    

 BESTKFE21_Shennon = [0, 0, 0, 0, 0, 0, 0, 0, 0, 0, 0, 0, 0, 0, 0, 0, 0, 0, 0, 0.7214660736850187, 0.7498394677875102, 0.7874611179220667, 0.7577078109175852, 0.7217912390930707, 0.7217912390930707, 0.7045694131414292, 0.6745450291275814, 0.662882895820227, 0.6170197794404846, 0.5868954199853771, 0.5672758467667023, 0.5497521535842451, 0.53907051538549, 0, 0, 0, 0, 0, 0, 0, 0, 0, 0, 0, 0, 0, 0, 0, 0, 0, 0, 0, 0, 0, 0, 0, 0, 0, 0, 0, 0, 0, 0, 0, 0, 0, 0, 0, 0, 0, 0, 0, 0, 0, 0, 0, 0, 0, 0, 0, 0, 0, 0, 0, 0, 0, 0, 0, 0, 0, 0, 0, 0, 0, 0, 0, 0, 0, 0, 0, 0, 0, 0, 0, 0, 0, 0, 0, 0, 0, 0, 0, 0, 0] BESTKFE23_Shennon = [0, 0, 0, 0, 0, 0, 0.3981605133672723, 0.2022770985062199, 0.10465947471968329, 0.05360738127372899, 0.02726170315828469, 0.011252612623126157, 0.0026266835306671954, 0.0006510665723635789, 0.017789438138855918, 0.035802100172901086, 0.0912427657051672, 0.13464877484945226, 0.14777700990509757, 0.13255774642889495, 0.13911076704990744, 0.23551852138603036, 0.258935907358788, 0.30019929776028664, 0.27857875185330605, 0.27271478952001627, 0.3159205890239758, 0.38510205357003924, 0.38510205357003924, 0.38510205357003924, 0.37118052233964893, 0.3604142944481177, 0.34104747272429936, 0, 0, 0, 0, 0, 0, 0, 0, 0, 0, 0, 0, 0, 0, 0, 0, 0, 0, 0, 0, 0, 0, 0, 0, 0, 0, 0, 0, 0, 0, 0, 0, 0, 0, 0, 0, 0, 0, 0, 0, 0, 0, 0, 0, 0, 0, 0, 0, 0, 0, 0, 0, 0, 0, 0, 0, 0, 0, 0, 0, 0, 0, 0, 0, 0, 0, 0, 0, 0, 0, 0, 0, 0, 0, 0, 0, 0, 0, 0, 0]

 BESTKFE31_Shennon = [0, 0, 0, 0, 0, 0, 0, 0, 0, 0, 0, 0, 0, 0, 0, 0, 0, 0, 0, 0.5109514681508777, 0.5339979707195891, 0.49275033308716876, 0.43958922319527094, 0.3659253078827124, 0.3938712860873296, 0.3811892316852843, 0.32939102587656865, 0.2846085677482296, 0.23153176670441944, 0.19681007615187263, 0.20004831288196123, 0.19816948867683104, 0.21726835644374276, 0.21683955972489, 0.21567074974747658, 0.21460712189785003, 0.19354216038553473, 0.1868582424347448, 0.18581396714765708, 0.20618256249610556, 0.1827407235858225, 0.26029821766510564, 0.23199692589445808, 0.22401754750680958, 0.24054196270151673, 0.3158861234016773, 0.28106967024233676, 0, 0, 0, 0, 0, 0, 0, 0, 0, 0, 0, 0, 0, 0, 0, 0, 0, 0, 0, 0, 0, 0, 0, 0, 0, 0, 0, 0, 0, 0, 0, 0, 0, 0, 0, 0, 0] BESTKFE32_Shennon = [0, 0, 0, 0, 0, 0, 0.3981605133672723, 0.2022770985062199, 0.10465947471968329, 0.053607381273729104, 0.02726170315828469, 0.011252612623126157, 0.0026266835306671954, 0.0006510665723635789, 0.017789438138855918, 0.0358021001729012, 0.09124276570516732, 0.13464877484945226, 0.14777700990509768, 0.13255774642889495, 0.13911076704990755, 0.23551852138603024, 0.258935907358788, 0.30019929776028653, 0.27857875185330605, 0.27271478952001627, 0.3159205890239758, 0.38510205357003924, 0.38510205357003924, 0.38510205357003924, 0.37118052233964893, 0.3604142944481178, 0.34104747272429936, 0, 0, 0, 0, 0, 0, 0, 0, 0, 0, 0, 0, 0, 0, 0, 0, 0, 0, 0, 0, 0, 0, 0, 0, 0, 0, 0, 0, 0, 0, 0, 0, 0, 0, 0, 0, 0, 0, 0, 0, 0, 0, 0, 0, 0, 0, 0, 0, 0, 0, 0, 0, 0, 0, 0, 0, 0, 0, 0, 0, 0, 0, 0, 0, 0, 0, 0, 0, 0, 0, 0, 0, 0, 0, 0, 0, 0, 0, 0, 0]